countryId,exportToCountryId,percentExportOfTotalTrade
1,159,47.5001
1,99,38.5674
2,106,53.4973
2,188,9.4355
2,199,5.4899
3,106,15.9969
3,76,12.5920
3,199,11.6602
5,199,28.1257
5,76,14.0854
5,200,13.9236
6,44,58.0593
6,99,11.2525
7,208,23.6535
7,43,13.0009
8,199,22.2700
8,222,20.8681
8,23,13.8941
9,29,15.9416
9,44,7.4078
10,174,26.9208
10,205,14.1203
10,32,9.0384
11,47,19.4563
12,44,29.5858
12,108,10.4310
13,82,29.7094
13,106,6.2481
14,106,31.9360
14,215,9.9027
14,105,4.6308
15,166,21.6332
15,150,6.3824
16,186,18.1339
16,221,17.3274
17,82,14.9135
17,222,8.4687
18,213,6.9241
19,174,38.4606
19,220,12.1323
19,222,9.2026
20,82,16.6060
20,76,14.8860
20,147,12.0072
21,222,27.6507
21,107,5.3860
22,230,13.9117
22,17,12.5833
22,126,11.4428
23,222,6.1516
24,99,85.1767
24,222,2.9574
24,146,2.7490
25,29,19.1591
25,9,15.9823
25,99,8.0633
27,82,14.3852
27,53,11.5595
27,106,10.9370
28,20,22.8315
28,99,19.7209
28,221,16.5627
29,44,21.8098
29,9,8.0917
30,135,20.8242
30,175,8.2370
30,12,5.6842
31,108,29.2663
31,126,11.2311
32,82,12.8599
32,215,8.8895
32,106,7.9251
33,205,58.7682
33,99,9.9272
33,191,9.3492
34,221,25.6131
34,159,9.2449
35,199,70.7853
35,167,24.7578
36,222,9.4666
36,82,8.9762
37,106,13.8834
37,44,12.0863
37,76,10.5128
38,44,4.3238
38,222,3.2418
39,129,50.6534
39,147,38.5226
40,76,61.1330
40,22,9.9022
40,44,6.9582
41,44,22.7412
41,147,16.0850
43,44,33.5007
43,108,9.3339
44,45,12.3361
44,108,6.0644
45,44,55.2259
45,99,3.1456
46,45,29.7525
46,44,5.9192
47,161,6.8427
47,44,5.2946
48,99,36.3563
48,76,17.9228
48,82,7.6616
49,44,33.8915
49,199,12.3782
49,6,6.4277
50,108,41.8901
50,44,14.7367
50,208,11.2205
51,20,6.4526
51,147,5.6110
52,147,11.8951
52,230,6.1906
53,106,13.6069
53,82,12.3303
53,194,10.7353
54,44,22.9690
54,38,21.1017
54,199,10.2075
56,120,8.9827
56,85,7.7160
57,82,33.2820
57,193,6.9538
57,166,6.2032
58,44,90.2438
58,99,1.7992
58,234,0.8718
59,44,46.6103
59,234,16.4351
60,82,14.5182
60,204,10.4727
61,186,19.9509
61,221,4.9212
62,100,16.1886
62,186,12.6014
62,19,8.8607
63,94,9.6269
63,38,8.8973
64,164,7.4752
64,44,6.9162
65,221,10.5639
65,106,8.4761
65,215,7.1947
66,96,13.8343
66,90,13.7539
67,44,28.1281
67,99,11.1730
67,167,9.1159
68,44,52.8359
68,221,13.9376
69,75,15.1200
69,204,10.3999
69,116,9.0958
70,197,69.3627
70,111,5.9093
70,152,4.6733
71,186,9.6938
71,82,8.6037
72,199,80.9296
72,144,3.0832
73,174,24.7918
73,222,17.4344
73,60,10.7940
74,12,12.9102
75,82,14.8237
75,204,10.2199
75,147,6.4866
76,82,14.8284
76,199,7.6790
76,106,7.5925
78,108,48.4906
78,76,11.7760
79,44,46.2487
79,12,7.8831
79,126,5.8802
80,230,35.8229
80,128,27.5334
80,92,9.3938
81,14,14.9529
81,174,13.0070
81,10,8.4754
82,76,8.2212
82,44,6.7380
83,99,21.4647
83,44,11.8849
83,197,10.1902
84,132,28.8357
84,82,22.3314
84,147,12.4807
85,106,10.2424
85,82,6.3339
85,215,6.0902
86,60,81.3173
86,167,8.3410
87,82,8.6220
87,179,7.3803
90,66,11.0480
90,96,8.7842
91,44,39.1170
91,221,13.7507
91,99,13.1357
92,99,71.8302
92,230,19.9520
92,210,2.4188
93,38,26.8541
93,161,10.9274
94,38,2.8441
96,82,7.9166
96,20,7.0108
97,82,27.3499
97,173,5.1717
97,106,5.1069
98,147,30.2223
98,222,9.8820
98,199,8.2481
99,221,9.7282
99,45,5.1027
100,44,15.0525
100,108,10.8092
101,44,8.5642
102,191,0.1811
102,221,0.0120
103,20,13.0688
103,222,11.4297
105,44,7.7446
105,222,7.1231
106,82,12.4865
106,76,10.3002
107,147,11.9963
107,38,9.5906
108,44,19.0211
109,186,11.3204
110,106,17.9333
110,44,11.9517
110,147,9.8221
111,159,10.7818
111,219,10.4042
112,126,33.1806
112,74,14.8660
113,99,1.3975
113,186,1.2197
114,222,39.6361
114,174,16.1107
114,110,13.0367
115,44,36.1152
115,208,31.2859
115,230,17.2227
116,122,16.0204
116,69,11.4975
116,174,9.1446
117,49,51.5648
117,6,5.2897
118,197,49.1978
118,70,1.6962
119,205,21.4958
119,222,8.5221
120,106,15.6584
120,82,13.7975
120,199,12.5858
122,174,14.0103
122,116,9.7000
122,166,8.2300
123,82,26.9274
123,76,14.7781
123,20,11.6062
124,76,22.6669
124,82,7.1472
125,20,21.9625
125,197,7.8059
125,223,7.7141
126,191,14.3168
126,44,13.4864
127,208,48.6161
127,82,7.1954
128,197,41.0050
128,205,21.4317
128,33,6.1343
129,82,10.6688
130,199,17.1645
130,208,14.4386
132,44,35.1014
132,205,15.4015
132,199,11.6111
133,76,15.8238
133,222,11.8677
135,38,3.1218
136,208,52.4653
136,44,16.2336
136,165,11.4923
138,44,84.9747
138,222,10.6528
138,174,1.0912
139,188,17.7650
140,8,60.7766
140,76,8.1482
141,199,23.6766
141,76,22.9008
141,106,4.6084
142,99,27.6346
142,147,21.2283
142,197,17.2431
143,44,38.8944
143,208,19.4445
143,108,6.5065
144,197,21.7895
144,28,12.2198
144,205,9.5036
146,99,56.7241
146,215,6.4168
147,82,21.9111
147,20,10.2549
147,222,8.5802
148,44,49.9044
148,108,9.7519
149,44,24.2252
149,12,15.9218
150,135,6.5729
150,66,5.6046
151,76,31.2684
151,208,11.6042
151,126,11.1177
152,99,17.8525
152,199,9.8978
154,82,47.0307
154,188,7.8619
154,32,5.2230
155,191,3.2721
156,222,21.1062
156,82,15.5162
156,147,9.9389
157,221,6.8546
157,169,4.0709
158,44,26.3294
158,45,13.6891
159,44,7.6936
159,222,7.3152
160,108,23.3515
160,89,14.5158
161,47,9.5023
162,108,24.2627
162,12,23.4555
162,44,22.0205
163,29,31.0865
163,9,25.4915
163,174,8.3946
164,44,26.2811
164,205,5.3108
165,45,14.1570
165,108,14.0377
166,82,27.2063
166,222,6.3582
166,57,6.3494
167,199,25.3367
167,76,12.6801
167,82,11.4826
169,108,19.0803
169,99,12.8784
170,44,24.7755
170,230,8.3249
171,173,24.7667
171,174,10.4959
171,106,9.7326
173,82,22.9627
173,106,11.2427
173,76,6.7625
174,44,10.4481
174,147,9.6421
175,111,16.0004
175,221,14.0002
177,117,30.1047
177,108,11.3457
178,179,6.8168
178,213,6.5279
179,213,7.9489
181,38,36.7203
181,202,23.7195
181,76,18.4247
182,18,18.5049
182,179,16.2361
182,62,13.7117
183,4,26.6238
183,12,21.4330
183,149,19.6729
185,147,29.5986
185,199,16.6258
185,76,16.0805
186,221,3.7579
186,44,2.6963
187,128,19.8304
187,205,10.0806
188,106,12.2561
188,82,11.9466
189,221,35.7116
189,76,18.0916
189,222,12.9830
190,147,23.0281
190,44,13.0235
191,44,14.4777
191,45,12.3268
191,126,10.6040
193,82,20.6164
193,57,11.4951
193,166,7.6160
194,82,20.1903
194,106,11.5121
194,53,7.9853
195,44,65.2032
195,106,7.7436
195,205,3.8694
196,186,51.8153
196,157,24.0665
196,221,7.7467
197,44,9.8180
197,82,6.5821
198,44,93.2721
198,99,4.8002
198,159,1.4798
199,76,14.6908
199,82,10.9189
199,106,7.8481
200,222,8.8849
200,99,6.7250
201,105,83.1962
201,109,5.5563
201,221,2.5114
202,221,40.2447
202,44,17.3181
202,186,14.1568
203,205,32.0400
203,45,22.5263
203,20,10.7920
204,82,10.6209
204,156,10.3921
204,75,6.9474
205,82,15.2797
205,44,9.7450
206,117,98.1161
206,65,0.3587
206,186,0.2565
207,110,29.9954
207,205,17.4511
207,215,15.3879
208,44,11.0359
208,108,9.5617
209,100,25.3813
209,82,13.6485
210,33,17.9154
210,22,14.3006
210,83,7.5780
211,76,23.8622
211,191,14.0630
212,108,15.5691
213,93,6.8610
213,43,6.6528
214,76,30.5802
214,106,16.4706
214,82,11.5926
215,82,9.6303
215,222,6.1170
215,221,5.8500
216,44,81.0558
216,1,4.6573
216,215,3.9397
217,199,9.8922
218,208,78.6905
218,165,8.8309
218,64,4.5004
219,111,19.0249
219,221,15.3336
219,198,10.3356
220,174,9.0798
220,166,6.2807
220,215,5.7878
221,99,3.7688
222,82,9.5976
222,147,6.8043
223,99,23.5257
223,197,16.7490
223,230,7.5347
224,38,18.2609
224,135,15.7423
224,44,8.4040
226,44,18.7763
226,29,16.4609
227,205,29.1250
227,44,20.7562
227,174,12.5848
228,108,29.5954
228,132,25.7751
228,208,7.5638
229,44,25.0607
229,99,19.9425
230,44,16.4534
230,108,7.8060
231,191,38.2496
231,76,21.7983
231,222,9.0994
233,44,39.7707
233,157,30.4189
233,221,8.2712
234,205,42.0801
234,44,14.4475
235,197,51.4752
235,221,18.1383
