countryID date numConfirmed numDeaths numRecovered
44 01-22-20 547.0 17.0 28.0
224 01-22-20 1.0 0.0 0.0
29 01-23-20 0.0 0.0 0.0
44 01-23-20 639.0 18.0 30.0
224 01-23-20 1.0 0.0 0.0
44 01-24-20 916.0 26.0 36.0
76 01-24-20 2.0 0.0 0.0
224 01-24-20 2.0 0.0 0.0
44 01-25-20 1399.0 42.0 39.0
76 01-25-20 3.0 0.0 0.0
224 01-25-20 2.0 0.0 0.0
38 01-26-20 1.0 0.0 0.0
44 01-26-20 2062.0 56.0 49.0
76 01-26-20 3.0 0.0 0.0
224 01-26-20 5.0 0.0 0.0
38 01-27-20 1.0 0.0 0.0
44 01-27-20 2863.0 82.0 58.0
76 01-27-20 3.0 0.0 0.0
224 01-27-20 5.0 0.0 0.0
38 01-28-20 2.0 0.0 0.0
44 01-28-20 5494.0 131.0 101.0
76 01-28-20 4.0 0.0 0.0
82 01-28-20 4.0 0.0 0.0
224 01-28-20 5.0 0.0 0.0
38 01-29-20 2.0 0.0 0.0
44 01-29-20 6070.0 133.0 120.0
76 01-29-20 5.0 0.0 0.0
82 01-29-20 4.0 0.0 0.0
224 01-29-20 5.0 0.0 0.0
38 01-30-20 3.0 0.0 0.0
44 01-30-20 8124.0 171.0 135.0
76 01-30-20 5.0 0.0 0.0
82 01-30-20 4.0 0.0 0.0
224 01-30-20 5.0 0.0 0.0
38 01-31-20 3.0 0.0 0.0
44 01-31-20 9783.0 213.0 214.0
76 01-31-20 5.0 0.0 0.0
82 01-31-20 5.0 0.0 0.0
106 01-31-20 2.0 0.0 0.0
224 01-31-20 6.0 0.0 0.0
38 02-01-20 4.0 0.0 0.0
44 02-01-20 11871.0 259.0 275.0
76 02-01-20 6.0 0.0 0.0
82 02-01-20 8.0 0.0 0.0
106 02-01-20 2.0 0.0 0.0
199 02-01-20 1.0 0.0 0.0
224 02-01-20 8.0 0.0 0.0
38 02-02-20 4.0 0.0 0.0
44 02-02-20 16607.0 361.0 463.0
76 02-02-20 6.0 0.0 0.0
82 02-02-20 10.0 0.0 0.0
106 02-02-20 2.0 0.0 0.0
199 02-02-20 1.0 0.0 0.0
224 02-02-20 8.0 0.0 0.0
38 02-03-20 4.0 0.0 0.0
44 02-03-20 19693.0 425.0 614.0
76 02-03-20 6.0 0.0 0.0
82 02-03-20 12.0 0.0 0.0
106 02-03-20 2.0 0.0 0.0
199 02-03-20 1.0 0.0 0.0
224 02-03-20 11.0 0.0 0.0
20 02-04-20 1.0 0.0 0.0
38 02-04-20 4.0 0.0 0.0
44 02-04-20 23680.0 490.0 843.0
76 02-04-20 6.0 0.0 0.0
82 02-04-20 12.0 0.0 0.0
106 02-04-20 2.0 0.0 0.0
199 02-04-20 1.0 0.0 0.0
224 02-04-20 11.0 0.0 0.0
20 02-05-20 1.0 0.0 0.0
38 02-05-20 5.0 0.0 0.0
44 02-05-20 27409.0 562.0 1115.0
76 02-05-20 6.0 0.0 0.0
82 02-05-20 12.0 0.0 0.0
106 02-05-20 2.0 0.0 0.0
199 02-05-20 1.0 0.0 0.0
224 02-05-20 12.0 0.0 0.0
20 02-06-20 1.0 0.0 0.0
38 02-06-20 5.0 0.0 0.0
44 02-06-20 30553.0 632.0 1476.0
76 02-06-20 6.0 0.0 0.0
82 02-06-20 12.0 0.0 0.0
106 02-06-20 2.0 0.0 0.0
199 02-06-20 1.0 0.0 0.0
224 02-06-20 12.0 0.0 0.0
20 02-07-20 1.0 0.0 0.0
38 02-07-20 7.0 0.0 0.0
44 02-07-20 34075.0 717.0 1998.0
76 02-07-20 6.0 0.0 0.0
82 02-07-20 13.0 0.0 0.0
106 02-07-20 3.0 0.0 0.0
199 02-07-20 1.0 0.0 0.0
224 02-07-20 12.0 0.0 0.0
20 02-08-20 1.0 0.0 0.0
38 02-08-20 7.0 0.0 0.0
44 02-08-20 36778.0 804.0 2595.0
76 02-08-20 11.0 0.0 0.0
82 02-08-20 13.0 0.0 0.0
106 02-08-20 3.0 0.0 0.0
199 02-08-20 1.0 0.0 0.0
224 02-08-20 12.0 0.0 0.0
20 02-09-20 1.0 0.0 0.0
38 02-09-20 7.0 0.0 0.0
44 02-09-20 39790.0 904.0 3218.0
76 02-09-20 11.0 0.0 0.0
82 02-09-20 14.0 0.0 0.0
106 02-09-20 3.0 0.0 0.0
199 02-09-20 2.0 0.0 0.0
224 02-09-20 12.0 0.0 3.0
20 02-10-20 1.0 0.0 0.0
38 02-10-20 7.0 0.0 0.0
44 02-10-20 42306.0 1011.0 3917.0
76 02-10-20 11.0 0.0 0.0
82 02-10-20 14.0 0.0 0.0
106 02-10-20 3.0 0.0 0.0
199 02-10-20 2.0 0.0 0.0
224 02-10-20 12.0 0.0 3.0
20 02-11-20 1.0 0.0 0.0
38 02-11-20 7.0 0.0 0.0
44 02-11-20 44327.0 1111.0 4635.0
76 02-11-20 11.0 0.0 0.0
82 02-11-20 16.0 0.0 0.0
106 02-11-20 3.0 0.0 0.0
199 02-11-20 2.0 0.0 0.0
224 02-11-20 13.0 0.0 3.0
20 02-12-20 1.0 0.0 0.0
38 02-12-20 7.0 0.0 1.0
44 02-12-20 44699.0 1116.0 5079.0
76 02-12-20 11.0 0.0 2.0
82 02-12-20 16.0 0.0 0.0
106 02-12-20 3.0 0.0 0.0
199 02-12-20 2.0 0.0 0.0
224 02-12-20 13.0 0.0 3.0
20 02-13-20 1.0 0.0 0.0
38 02-13-20 7.0 0.0 1.0
44 02-13-20 59832.0 1368.0 6213.0
76 02-13-20 11.0 0.0 2.0
82 02-13-20 16.0 0.0 1.0
106 02-13-20 3.0 0.0 0.0
199 02-13-20 2.0 0.0 0.0
224 02-13-20 15.0 0.0 3.0
20 02-14-20 1.0 0.0 0.0
38 02-14-20 7.0 0.0 1.0
44 02-14-20 66292.0 1520.0 7973.0
76 02-14-20 11.0 0.0 2.0
82 02-14-20 16.0 0.0 1.0
106 02-14-20 3.0 0.0 0.0
199 02-14-20 2.0 0.0 0.0
224 02-14-20 15.0 0.0 3.0
20 02-15-20 1.0 0.0 0.0
38 02-15-20 7.0 0.0 1.0
44 02-15-20 68347.0 1662.0 9294.0
76 02-15-20 12.0 1.0 4.0
82 02-15-20 16.0 0.0 1.0
106 02-15-20 3.0 0.0 0.0
199 02-15-20 2.0 0.0 2.0
224 02-15-20 15.0 0.0 3.0
20 02-16-20 1.0 0.0 0.0
38 02-16-20 7.0 0.0 1.0
44 02-16-20 70446.0 1765.0 10748.0
76 02-16-20 12.0 1.0 4.0
82 02-16-20 16.0 0.0 1.0
106 02-16-20 3.0 0.0 0.0
199 02-16-20 2.0 0.0 2.0
224 02-16-20 15.0 0.0 3.0
20 02-17-20 1.0 0.0 1.0
38 02-17-20 8.0 0.0 1.0
44 02-17-20 72364.0 1863.0 12455.0
76 02-17-20 12.0 1.0 4.0
82 02-17-20 16.0 0.0 1.0
106 02-17-20 3.0 0.0 0.0
199 02-17-20 2.0 0.0 2.0
224 02-17-20 15.0 0.0 3.0
20 02-18-20 1.0 0.0 1.0
38 02-18-20 8.0 0.0 1.0
44 02-18-20 74139.0 2002.0 14199.0
76 02-18-20 12.0 1.0 4.0
82 02-18-20 16.0 0.0 12.0
106 02-18-20 3.0 0.0 0.0
199 02-18-20 2.0 0.0 2.0
224 02-18-20 15.0 0.0 3.0
20 02-19-20 1.0 0.0 1.0
38 02-19-20 8.0 0.0 1.0
44 02-19-20 74546.0 2114.0 15952.0
76 02-19-20 12.0 1.0 4.0
82 02-19-20 16.0 0.0 12.0
101 02-19-20 2.0 2.0 0.0
106 02-19-20 3.0 0.0 0.0
199 02-19-20 2.0 0.0 2.0
224 02-19-20 15.0 0.0 3.0
20 02-20-20 1.0 0.0 1.0
38 02-20-20 8.0 0.0 1.0
44 02-20-20 74999.0 2236.0 18002.0
76 02-20-20 12.0 1.0 4.0
82 02-20-20 16.0 0.0 12.0
101 02-20-20 5.0 2.0 0.0
106 02-20-20 3.0 0.0 0.0
199 02-20-20 2.0 0.0 2.0
224 02-20-20 15.0 0.0 3.0
20 02-21-20 1.0 0.0 1.0
38 02-21-20 9.0 0.0 3.0
44 02-21-20 75472.0 2236.0 18693.0
76 02-21-20 12.0 1.0 4.0
82 02-21-20 16.0 0.0 14.0
101 02-21-20 18.0 4.0 0.0
106 02-21-20 20.0 1.0 0.0
199 02-21-20 2.0 0.0 2.0
224 02-21-20 35.0 0.0 5.0
20 02-22-20 1.0 0.0 1.0
38 02-22-20 9.0 0.0 3.0
44 02-22-20 76922.0 2441.0 22687.0
76 02-22-20 12.0 1.0 4.0
82 02-22-20 16.0 0.0 14.0
101 02-22-20 28.0 5.0 0.0
106 02-22-20 62.0 2.0 1.0
199 02-22-20 2.0 0.0 2.0
224 02-22-20 35.0 0.0 5.0
20 02-23-20 1.0 0.0 1.0
38 02-23-20 9.0 0.0 3.0
44 02-23-20 76938.0 2443.0 23170.0
76 02-23-20 12.0 1.0 4.0
82 02-23-20 16.0 0.0 14.0
101 02-23-20 43.0 8.0 0.0
106 02-23-20 155.0 3.0 2.0
199 02-23-20 2.0 0.0 2.0
224 02-23-20 35.0 0.0 5.0
20 02-24-20 1.0 0.0 1.0
38 02-24-20 10.0 0.0 3.0
44 02-24-20 77152.0 2593.0 24990.0
76 02-24-20 12.0 1.0 4.0
82 02-24-20 16.0 0.0 14.0
101 02-24-20 61.0 12.0 0.0
106 02-24-20 229.0 7.0 1.0
199 02-24-20 2.0 0.0 2.0
224 02-24-20 53.0 0.0 5.0
20 02-25-20 1.0 0.0 1.0
38 02-25-20 11.0 0.0 3.0
44 02-25-20 77660.0 2663.0 27650.0
76 02-25-20 14.0 1.0 11.0
82 02-25-20 17.0 0.0 14.0
101 02-25-20 95.0 16.0 0.0
106 02-25-20 322.0 10.0 1.0
199 02-25-20 6.0 0.0 2.0
205 02-25-20 1.0 0.0 0.0
224 02-25-20 53.0 0.0 6.0
20 02-26-20 1.0 0.0 1.0
29 02-26-20 1.0 0.0 0.0
38 02-26-20 11.0 0.0 3.0
44 02-26-20 78065.0 2715.0 30053.0
76 02-26-20 18.0 2.0 11.0
82 02-26-20 27.0 0.0 15.0
101 02-26-20 139.0 19.0 49.0
106 02-26-20 453.0 12.0 3.0
199 02-26-20 13.0 0.0 2.0
205 02-26-20 1.0 0.0 0.0
224 02-26-20 59.0 0.0 6.0
20 02-27-20 1.0 0.0 1.0
29 02-27-20 1.0 0.0 0.0
38 02-27-20 13.0 0.0 6.0
44 02-27-20 78498.0 2744.0 32898.0
76 02-27-20 38.0 2.0 11.0
82 02-27-20 46.0 0.0 16.0
101 02-27-20 245.0 26.0 49.0
106 02-27-20 655.0 17.0 45.0
147 02-27-20 1.0 0.0 0.0
199 02-27-20 15.0 0.0 2.0
205 02-27-20 8.0 0.0 0.0
224 02-27-20 60.0 0.0 6.0
20 02-28-20 1.0 0.0 1.0
29 02-28-20 1.0 0.0 0.0
38 02-28-20 14.0 0.0 6.0
44 02-28-20 78824.0 2788.0 36291.0
76 02-28-20 57.0 2.0 11.0
82 02-28-20 48.0 0.0 16.0
101 02-28-20 388.0 34.0 73.0
106 02-28-20 888.0 21.0 46.0
147 02-28-20 1.0 0.0 0.0
199 02-28-20 32.0 0.0 2.0
205 02-28-20 8.0 0.0 0.0
224 02-28-20 62.0 0.0 7.0
20 02-29-20 1.0 0.0 1.0
29 02-29-20 2.0 0.0 0.0
38 02-29-20 20.0 0.0 6.0
44 02-29-20 79251.0 2835.0 39279.0
76 02-29-20 100.0 2.0 12.0
82 02-29-20 79.0 0.0 16.0
101 02-29-20 593.0 43.0 123.0
106 02-29-20 1128.0 29.0 46.0
147 02-29-20 6.0 0.0 0.0
199 02-29-20 45.0 0.0 2.0
205 02-29-20 18.0 0.0 0.0
224 02-29-20 70.0 1.0 7.0
20 03-01-20 2.0 0.0 1.0
29 03-01-20 2.0 0.0 0.0
38 03-01-20 24.0 0.0 6.0
44 03-01-20 79826.0 2870.0 42118.0
76 03-01-20 130.0 2.0 12.0
82 03-01-20 130.0 0.0 16.0
101 03-01-20 978.0 54.0 175.0
106 03-01-20 1694.0 34.0 83.0
147 03-01-20 10.0 0.0 0.0
199 03-01-20 84.0 0.0 2.0
205 03-01-20 27.0 0.0 0.0
224 03-01-20 76.0 1.0 7.0
20 03-02-20 8.0 0.0 1.0
29 03-02-20 2.0 0.0 0.0
38 03-02-20 27.0 0.0 6.0
44 03-02-20 80026.0 2912.0 44810.0
76 03-02-20 191.0 3.0 12.0
82 03-02-20 159.0 0.0 16.0
101 03-02-20 1501.0 66.0 291.0
106 03-02-20 2036.0 52.0 149.0
147 03-02-20 18.0 0.0 0.0
167 03-02-20 2.0 0.0 0.0
199 03-02-20 120.0 0.0 2.0
205 03-02-20 42.0 0.0 0.0
224 03-02-20 101.0 6.0 7.0
20 03-03-20 13.0 0.0 1.0
29 03-03-20 2.0 0.0 0.0
38 03-03-20 30.0 0.0 6.0
44 03-03-20 80151.0 2945.0 47404.0
76 03-03-20 204.0 4.0 12.0
82 03-03-20 196.0 0.0 16.0
101 03-03-20 2336.0 77.0 291.0
106 03-03-20 2502.0 79.0 160.0
147 03-03-20 24.0 0.0 0.0
167 03-03-20 2.0 0.0 0.0
199 03-03-20 165.0 1.0 2.0
205 03-03-20 56.0 0.0 2.0
224 03-03-20 122.0 7.0 8.0
20 03-04-20 23.0 0.0 1.0
29 03-04-20 4.0 0.0 0.0
38 03-04-20 33.0 0.0 6.0
44 03-04-20 80271.0 2981.0 49955.0
76 03-04-20 285.0 4.0 12.0
82 03-04-20 262.0 0.0 16.0
101 03-04-20 2922.0 92.0 552.0
106 03-04-20 3089.0 107.0 276.0
147 03-04-20 38.0 0.0 0.0
167 03-04-20 5.0 0.0 0.0
199 03-04-20 222.0 2.0 2.0
205 03-04-20 90.0 0.0 3.0
224 03-04-20 153.0 11.0 8.0
20 03-05-20 50.0 0.0 1.0
29 03-05-20 4.0 0.0 0.0
38 03-05-20 37.0 0.0 6.0
44 03-05-20 80422.0 3013.0 52240.0
76 03-05-20 377.0 6.0 12.0
82 03-05-20 482.0 0.0 16.0
101 03-05-20 3513.0 107.0 739.0
106 03-05-20 3858.0 148.0 414.0
147 03-05-20 82.0 0.0 0.0
167 03-05-20 8.0 0.0 0.0
199 03-05-20 259.0 3.0 2.0
205 03-05-20 114.0 1.0 3.0
224 03-05-20 221.0 12.0 8.0
20 03-06-20 109.0 0.0 1.0
29 03-06-20 13.0 0.0 0.0
38 03-06-20 49.0 0.0 6.0
44 03-06-20 80573.0 3042.0 53888.0
76 03-06-20 653.0 9.0 12.0
82 03-06-20 670.0 0.0 17.0
101 03-06-20 4747.0 124.0 913.0
106 03-06-20 4636.0 197.0 523.0
147 03-06-20 128.0 1.0 0.0
167 03-06-20 13.0 0.0 0.0
199 03-06-20 400.0 5.0 2.0
205 03-06-20 214.0 1.0 3.0
224 03-06-20 278.0 14.0 8.0
20 03-07-20 169.0 0.0 1.0
29 03-07-20 13.0 0.0 0.0
38 03-07-20 54.0 0.0 8.0
44 03-07-20 80652.0 3070.0 55478.0
76 03-07-20 949.0 11.0 12.0
82 03-07-20 799.0 0.0 18.0
101 03-07-20 5823.0 145.0 1669.0
106 03-07-20 5883.0 233.0 589.0
147 03-07-20 188.0 1.0 0.0
167 03-07-20 20.0 0.0 0.0
199 03-07-20 500.0 10.0 30.0
205 03-07-20 268.0 1.0 3.0
224 03-07-20 417.0 17.0 8.0
20 03-08-20 200.0 0.0 1.0
29 03-08-20 20.0 0.0 0.0
38 03-08-20 64.0 0.0 8.0
44 03-08-20 80699.0 3097.0 57320.0
76 03-08-20 1126.0 19.0 12.0
82 03-08-20 1040.0 0.0 18.0
101 03-08-20 6566.0 194.0 2134.0
106 03-08-20 7375.0 366.0 622.0
147 03-08-20 265.0 3.0 0.0
167 03-08-20 30.0 0.0 0.0
199 03-08-20 673.0 17.0 30.0
205 03-08-20 337.0 2.0 3.0
224 03-08-20 537.0 21.0 8.0
20 03-09-20 239.0 0.0 1.0
29 03-09-20 25.0 0.0 0.0
38 03-09-20 76.0 1.0 8.0
44 03-09-20 80735.0 3120.0 58735.0
76 03-09-20 1209.0 19.0 12.0
82 03-09-20 1176.0 2.0 18.0
101 03-09-20 7161.0 237.0 2394.0
106 03-09-20 9172.0 463.0 724.0
147 03-09-20 321.0 3.0 0.0
167 03-09-20 30.0 0.0 0.0
199 03-09-20 1073.0 28.0 32.0
205 03-09-20 374.0 2.0 3.0
224 03-09-20 605.0 22.0 8.0
20 03-10-20 267.0 0.0 1.0
29 03-10-20 31.0 0.0 0.0
38 03-10-20 79.0 1.0 8.0
44 03-10-20 80757.0 3136.0 60106.0
76 03-10-20 1784.0 33.0 12.0
82 03-10-20 1457.0 2.0 18.0
101 03-10-20 8042.0 291.0 2731.0
106 03-10-20 10149.0 631.0 724.0
147 03-10-20 382.0 4.0 0.0
167 03-10-20 41.0 0.0 0.0
199 03-10-20 1695.0 35.0 32.0
205 03-10-20 491.0 3.0 3.0
224 03-10-20 959.0 28.0 8.0
20 03-11-20 314.0 3.0 1.0
29 03-11-20 38.0 0.0 0.0
38 03-11-20 108.0 1.0 8.0
44 03-11-20 80833.0 3159.0 61586.0
76 03-11-20 2284.0 48.0 12.0
82 03-11-20 1908.0 3.0 25.0
101 03-11-20 9000.0 354.0 2959.0
106 03-11-20 12462.0 827.0 1045.0
147 03-11-20 503.0 5.0 0.0
167 03-11-20 59.0 0.0 0.0
199 03-11-20 2277.0 54.0 183.0
205 03-11-20 652.0 4.0 4.0
215 03-11-20 1.0 0.0 0.0
222 03-11-20 459.0 8.0 19.0
224 03-11-20 1281.0 36.0 8.0
20 03-12-20 314.0 3.0 1.0
29 03-12-20 52.0 0.0 0.0
38 03-12-20 117.0 1.0 8.0
44 03-12-20 80842.0 3170.0 62844.0
76 03-12-20 2284.0 48.0 12.0
82 03-12-20 2078.0 3.0 25.0
101 03-12-20 10075.0 429.0 2959.0
106 03-12-20 12462.0 827.0 1045.0
147 03-12-20 503.0 5.0 0.0
167 03-12-20 59.0 0.0 0.0
199 03-12-20 2277.0 55.0 183.0
205 03-12-20 652.0 4.0 4.0
215 03-12-20 1.0 0.0 0.0
222 03-12-20 459.0 8.0 19.0
224 03-12-20 1663.0 40.0 12.0
20 03-13-20 559.0 3.0 1.0
29 03-13-20 151.0 0.0 0.0
38 03-13-20 193.0 1.0 8.0
44 03-13-20 80851.0 3177.0 64129.0
76 03-13-20 3667.0 79.0 12.0
82 03-13-20 3675.0 7.0 46.0
101 03-13-20 11364.0 514.0 2959.0
106 03-13-20 17660.0 1266.0 1439.0
147 03-13-20 804.0 10.0 0.0
167 03-13-20 112.0 0.0 1.0
199 03-13-20 5232.0 133.0 193.0
205 03-13-20 1139.0 11.0 4.0
215 03-13-20 5.0 0.0 0.0
222 03-13-20 801.0 8.0 19.0
224 03-13-20 2179.0 47.0 12.0
20 03-14-20 689.0 4.0 1.0
29 03-14-20 151.0 0.0 0.0
38 03-14-20 196.0 1.0 8.0
44 03-14-20 80880.0 3190.0 65592.0
76 03-14-20 4480.0 91.0 12.0
82 03-14-20 4585.0 9.0 46.0
101 03-14-20 12729.0 611.0 2959.0
106 03-14-20 21157.0 1441.0 1966.0
147 03-14-20 959.0 12.0 2.0
167 03-14-20 169.0 0.0 2.0
199 03-14-20 6391.0 195.0 517.0
205 03-14-20 1359.0 13.0 4.0
215 03-14-20 5.0 0.0 0.0
222 03-14-20 1143.0 21.0 19.0
224 03-14-20 2726.0 54.0 12.0
20 03-15-20 886.0 4.0 1.0
29 03-15-20 162.0 0.0 0.0
38 03-15-20 250.0 1.0 8.0
44 03-15-20 80907.0 3200.0 66946.0
76 03-15-20 4513.0 91.0 12.0
82 03-15-20 5795.0 11.0 46.0
101 03-15-20 13938.0 724.0 4590.0
106 03-15-20 24747.0 1809.0 2335.0
147 03-15-20 1135.0 20.0 2.0
167 03-15-20 245.0 0.0 2.0
199 03-15-20 7798.0 289.0 517.0
205 03-15-20 2200.0 14.0 4.0
215 03-15-20 6.0 0.0 0.0
222 03-15-20 1144.0 21.0 19.0
224 03-15-20 3499.0 63.0 12.0
20 03-16-20 1058.0 5.0 1.0
29 03-16-20 200.0 0.0 1.0
38 03-16-20 415.0 4.0 9.0
44 03-16-20 80934.0 3214.0 67836.0
76 03-16-20 6650.0 148.0 12.0
82 03-16-20 7272.0 17.0 67.0
101 03-16-20 14991.0 853.0 4590.0
106 03-16-20 27980.0 2158.0 2749.0
147 03-16-20 1414.0 24.0 2.0
167 03-16-20 331.0 0.0 3.0
199 03-16-20 9942.0 342.0 530.0
205 03-16-20 2200.0 14.0 4.0
215 03-16-20 18.0 0.0 0.0
222 03-16-20 1551.0 56.0 21.0
224 03-16-20 4632.0 85.0 17.0
20 03-17-20 1243.0 10.0 1.0
29 03-17-20 321.0 1.0 2.0
38 03-17-20 478.0 5.0 9.0
44 03-17-20 80961.0 3227.0 68722.0
76 03-17-20 7683.0 148.0 12.0
82 03-17-20 9257.0 24.0 67.0
101 03-17-20 16169.0 988.0 5389.0
106 03-17-20 31506.0 2503.0 2941.0
147 03-17-20 1708.0 43.0 2.0
167 03-17-20 448.0 1.0 3.0
199 03-17-20 11748.0 533.0 1028.0
205 03-17-20 2700.0 27.0 4.0
215 03-17-20 47.0 1.0 0.0
222 03-17-20 1960.0 56.0 53.0
224 03-17-20 6421.0 108.0 17.0
20 03-18-20 1486.0 14.0 31.0
29 03-18-20 372.0 3.0 2.0
38 03-18-20 657.0 8.0 9.0
44 03-18-20 81006.0 3238.0 69675.0
76 03-18-20 9052.0 148.0 12.0
82 03-18-20 12327.0 28.0 105.0
101 03-18-20 17361.0 1135.0 5389.0
106 03-18-20 35713.0 2978.0 4025.0
147 03-18-20 2056.0 58.0 2.0
167 03-18-20 448.0 2.0 3.0
199 03-18-20 13910.0 623.0 1081.0
205 03-18-20 3028.0 28.0 15.0
215 03-18-20 98.0 1.0 0.0
222 03-18-20 2642.0 72.0 67.0
224 03-18-20 7786.0 118.0 106.0
20 03-19-20 1795.0 21.0 31.0
29 03-19-20 621.0 6.0 2.0
38 03-19-20 800.0 9.0 9.0
44 03-19-20 81039.0 3246.0 70456.0
76 03-19-20 10886.0 243.0 12.0
82 03-19-20 15320.0 44.0 113.0
101 03-19-20 18407.0 1284.0 5710.0
106 03-19-20 41035.0 3405.0 4440.0
147 03-19-20 2465.0 77.0 2.0
167 03-19-20 785.0 3.0 3.0
199 03-19-20 17963.0 830.0 1107.0
205 03-19-20 4075.0 41.0 15.0
215 03-19-20 192.0 3.0 0.0
222 03-19-20 2716.0 138.0 67.0
224 03-19-20 13680.0 200.0 108.0
20 03-20-20 2257.0 37.0 1.0
29 03-20-20 793.0 11.0 2.0
38 03-20-20 943.0 12.0 9.0
44 03-20-20 81112.0 3251.0 71184.0
76 03-20-20 12632.0 450.0 12.0
82 03-20-20 19848.0 67.0 180.0
101 03-20-20 19644.0 1433.0 6745.0
106 03-20-20 47021.0 4032.0 4440.0
147 03-20-20 3003.0 107.0 2.0
167 03-20-20 1020.0 6.0 5.0
199 03-20-20 20410.0 1043.0 1588.0
205 03-20-20 5294.0 54.0 15.0
215 03-20-20 359.0 4.0 0.0
222 03-20-20 4014.0 178.0 67.0
224 03-20-20 19101.0 244.0 147.0
20 03-21-20 2815.0 67.0 263.0
29 03-21-20 1021.0 15.0 2.0
38 03-21-20 1278.0 19.0 10.0
44 03-21-20 81167.0 3257.0 71777.0
76 03-21-20 14308.0 562.0 12.0
82 03-21-20 22213.0 84.0 233.0
101 03-21-20 20610.0 1556.0 7635.0
106 03-21-20 53578.0 4825.0 6072.0
147 03-21-20 3640.0 137.0 2.0
167 03-21-20 1280.0 12.0 5.0
199 03-21-20 25374.0 1375.0 2125.0
205 03-21-20 6575.0 75.0 15.0
215 03-21-20 670.0 9.0 0.0
222 03-21-20 5067.0 234.0 67.0
224 03-21-20 25514.0 307.0 171.0
20 03-22-20 3401.0 75.0 263.0
29 03-22-20 1546.0 25.0 2.0
38 03-22-20 1470.0 21.0 0.0
44 03-22-20 81229.0 3263.0 72280.0
76 03-22-20 16214.0 676.0 2201.0
82 03-22-20 24873.0 94.0 266.0
101 03-22-20 21638.0 1685.0 7635.0
106 03-22-20 59138.0 5476.0 7024.0
147 03-22-20 4217.0 180.0 3.0
167 03-22-20 1600.0 14.0 5.0
199 03-22-20 28603.0 1756.0 2125.0
205 03-22-20 7474.0 98.0 131.0
215 03-22-20 1236.0 30.0 0.0
222 03-22-20 5741.0 282.0 95.0
224 03-22-20 33848.0 427.0 0.0
20 03-23-20 3743.0 88.0 401.0
29 03-23-20 1924.0 34.0 2.0
38 03-23-20 2088.0 25.0 0.0
44 03-23-20 81311.0 3272.0 72737.0
76 03-23-20 20123.0 862.0 2207.0
82 03-23-20 29056.0 123.0 453.0
101 03-23-20 23049.0 1812.0 8376.0
106 03-23-20 63927.0 6077.0 7432.0
147 03-23-20 4764.0 214.0 3.0
167 03-23-20 2060.0 23.0 14.0
199 03-23-20 35136.0 2311.0 3355.0
205 03-23-20 8795.0 120.0 131.0
215 03-23-20 1529.0 37.0 0.0
222 03-23-20 6726.0 336.0 140.0
224 03-23-20 43667.0 552.0 0.0
20 03-24-20 4269.0 122.0 461.0
29 03-24-20 2247.0 46.0 2.0
38 03-24-20 2790.0 26.0 110.0
44 03-24-20 81395.0 3279.0 73198.0
76 03-24-20 22622.0 1102.0 3288.0
82 03-24-20 32986.0 157.0 3243.0
101 03-24-20 24811.0 1934.0 8913.0
106 03-24-20 69176.0 6820.0 8326.0
147 03-24-20 5580.0 277.0 3.0
167 03-24-20 2362.0 33.0 22.0
199 03-24-20 39885.0 2808.0 3794.0
205 03-24-20 9877.0 122.0 131.0
215 03-24-20 1872.0 44.0 0.0
222 03-24-20 8164.0 423.0 140.0
224 03-24-20 53740.0 706.0 348.0
20 03-25-20 4937.0 178.0 547.0
29 03-25-20 2554.0 59.0 2.0
38 03-25-20 3251.0 30.0 183.0
44 03-25-20 81456.0 3283.0 73690.0
76 03-25-20 25600.0 1333.0 3907.0
82 03-25-20 37323.0 206.0 3547.0
101 03-25-20 27017.0 2077.0 9625.0
106 03-25-20 74386.0 7503.0 9362.0
147 03-25-20 6438.0 357.0 4.0
167 03-25-20 2995.0 43.0 22.0
199 03-25-20 49515.0 3647.0 5367.0
205 03-25-20 10897.0 153.0 131.0
215 03-25-20 2433.0 59.0 26.0
222 03-25-20 9640.0 466.0 140.0
224 03-25-20 65778.0 942.0 361.0
20 03-26-20 6235.0 220.0 675.0
29 03-26-20 2985.0 77.0 6.0
38 03-26-20 4042.0 38.0 184.0
44 03-26-20 81550.0 3289.0 74090.0
76 03-26-20 29551.0 1698.0 4955.0
82 03-26-20 43938.0 267.0 5673.0
101 03-26-20 29406.0 2234.0 10457.0
106 03-26-20 80589.0 8215.0 10361.0
147 03-26-20 7468.0 435.0 6.0
167 03-26-20 3544.0 60.0 43.0
199 03-26-20 57786.0 4365.0 7015.0
205 03-26-20 11811.0 191.0 131.0
215 03-26-20 3629.0 75.0 26.0
222 03-26-20 11812.0 580.0 150.0
224 03-26-20 83836.0 1209.0 681.0
20 03-27-20 7284.0 289.0 858.0
29 03-27-20 3417.0 92.0 6.0
38 03-27-20 4682.0 54.0 256.0
44 03-27-20 81612.0 3294.0 74629.0
76 03-27-20 33402.0 1997.0 5707.0
82 03-27-20 50871.0 342.0 6658.0
101 03-27-20 32332.0 2378.0 11133.0
106 03-27-20 86498.0 9134.0 10950.0
147 03-27-20 8647.0 547.0 6.0
167 03-27-20 4268.0 76.0 43.0
199 03-27-20 65719.0 5138.0 9357.0
205 03-27-20 12928.0 231.0 1530.0
215 03-27-20 5698.0 92.0 42.0
222 03-27-20 14745.0 761.0 151.0
224 03-27-20 101657.0 1581.0 869.0
20 03-28-20 9134.0 353.0 1063.0
29 03-28-20 3904.0 111.0 6.0
38 03-28-20 5576.0 61.0 466.0
44 03-28-20 81684.0 3297.0 75008.0
76 03-28-20 38105.0 2317.0 5724.0
82 03-28-20 57695.0 433.0 8481.0
101 03-28-20 35408.0 2517.0 11679.0
106 03-28-20 92472.0 10023.0 12384.0
147 03-28-20 9819.0 640.0 6.0
167 03-28-20 5170.0 100.0 43.0
199 03-28-20 73235.0 5982.0 12285.0
205 03-28-20 14076.0 264.0 1530.0
215 03-28-20 7402.0 108.0 70.0
222 03-28-20 17312.0 1021.0 151.0
224 03-28-20 121465.0 2026.0 1072.0
20 03-29-20 10836.0 431.0 1359.0
29 03-29-20 4256.0 136.0 6.0
38 03-29-20 6280.0 64.0 466.0
44 03-29-20 81742.0 3302.0 75490.0
76 03-29-20 40708.0 2611.0 7226.0
82 03-29-20 62095.0 533.0 9211.0
101 03-29-20 38309.0 2640.0 12391.0
106 03-29-20 97689.0 10779.0 13030.0
147 03-29-20 10930.0 772.0 253.0
167 03-29-20 5962.0 119.0 43.0
199 03-29-20 80110.0 6803.0 14709.0
205 03-29-20 14829.0 300.0 1595.0
215 03-29-20 9217.0 131.0 105.0
222 03-29-20 19780.0 1231.0 151.0
224 03-29-20 140909.0 2467.0 2665.0
20 03-30-20 11899.0 513.0 1527.0
29 03-30-20 4579.0 159.0 120.0
38 03-30-20 7398.0 80.0 466.0
44 03-30-20 81784.0 3309.0 75829.0
76 03-30-20 45170.0 3030.0 7964.0
82 03-30-20 66885.0 645.0 13500.0
101 03-30-20 41495.0 2757.0 13911.0
106 03-30-20 101739.0 11591.0 14620.0
147 03-30-20 11817.0 865.0 253.0
167 03-30-20 6408.0 140.0 43.0
199 03-30-20 87956.0 7716.0 16780.0
205 03-30-20 15922.0 359.0 1823.0
215 03-30-20 10827.0 168.0 162.0
222 03-30-20 22453.0 1411.0 171.0
224 03-30-20 161831.0 2978.0 5644.0
20 03-31-20 12775.0 705.0 1696.0
29 03-31-20 5717.0 201.0 127.0
38 03-31-20 8527.0 101.0 1592.0
44 03-31-20 81846.0 3310.0 76107.0
76 03-31-20 52827.0 3532.0 9513.0
82 03-31-20 71808.0 775.0 16100.0
101 03-31-20 44605.0 2898.0 14656.0
106 03-31-20 105792.0 12428.0 15729.0
147 03-31-20 12667.0 1040.0 253.0
167 03-31-20 7443.0 160.0 43.0
199 03-31-20 95923.0 8464.0 19259.0
205 03-31-20 16605.0 433.0 1823.0
215 03-31-20 13531.0 214.0 243.0
222 03-31-20 25481.0 1793.0 179.0
224 03-31-20 188172.0 3873.0 7024.0
20 04-01-20 13964.0 828.0 2132.0
29 04-01-20 6836.0 240.0 127.0
38 04-01-20 9560.0 109.0 1324.0
44 04-01-20 81884.0 3317.0 76287.0
76 04-01-20 57749.0 4043.0 11053.0
82 04-01-20 77872.0 920.0 18700.0
101 04-01-20 47593.0 3036.0 15473.0
106 04-01-20 110574.0 13155.0 16847.0
147 04-01-20 13696.0 1175.0 260.0
167 04-01-20 8251.0 187.0 43.0
199 04-01-20 104118.0 9387.0 22647.0
205 04-01-20 17768.0 488.0 2967.0
215 04-01-20 15679.0 277.0 333.0
222 04-01-20 29865.0 2357.0 179.0
224 04-01-20 213372.0 4757.0 8474.0
20 04-02-20 15348.0 1011.0 2495.0
29 04-02-20 8044.0 324.0 127.0
38 04-02-20 11284.0 139.0 1735.0
44 04-02-20 81928.0 3323.0 76453.0
76 04-02-20 59929.0 5398.0 12548.0
82 04-02-20 84794.0 1107.0 22440.0
101 04-02-20 50468.0 3160.0 16711.0
106 04-02-20 115242.0 13915.0 18278.0
147 04-02-20 14788.0 1341.0 260.0
167 04-02-20 9034.0 209.0 68.0
199 04-02-20 112065.0 10348.0 26743.0
205 04-02-20 18827.0 536.0 4013.0
215 04-02-20 18135.0 356.0 415.0
222 04-02-20 34173.0 2926.0 192.0
224 04-02-20 243599.0 5926.0 9001.0
20 04-03-20 16770.0 1143.0 2872.0
29 04-03-20 9056.0 359.0 127.0
38 04-03-20 12437.0 179.0 2175.0
44 04-03-20 81971.0 3327.0 76627.0
76 04-03-20 65202.0 6520.0 14135.0
82 04-03-20 91159.0 1275.0 24575.0
101 04-03-20 53183.0 3294.0 17935.0
106 04-03-20 119827.0 14681.0 19758.0
147 04-03-20 15821.0 1490.0 260.0
167 04-03-20 9886.0 246.0 68.0
199 04-03-20 119199.0 11198.0 30513.0
205 04-03-20 19606.0 591.0 4846.0
215 04-03-20 20921.0 425.0 484.0
222 04-03-20 38689.0 3611.0 208.0
224 04-03-20 275586.0 7087.0 9707.0
20 04-04-20 18431.0 1283.0 3247.0
29 04-04-20 10360.0 445.0 127.0
38 04-04-20 12978.0 218.0 2577.0
44 04-04-20 81993.0 3331.0 76813.0
76 04-04-20 90848.0 7574.0 15572.0
82 04-04-20 96092.0 1444.0 26400.0
101 04-04-20 55743.0 3452.0 19736.0
106 04-04-20 124632.0 15362.0 20996.0
147 04-04-20 16727.0 1656.0 262.0
167 04-04-20 10524.0 266.0 75.0
199 04-04-20 126168.0 11947.0 34219.0
205 04-04-20 20505.0 666.0 6415.0
215 04-04-20 23934.0 501.0 786.0
222 04-04-20 42477.0 4320.0 215.0
224 04-04-20 308853.0 8407.0 14652.0
20 04-05-20 19691.0 1447.0 3751.0
29 04-05-20 11130.0 486.0 127.0
38 04-05-20 15756.0 259.0 3012.0
44 04-05-20 82031.0 3334.0 77041.0
76 04-05-20 93773.0 8093.0 16349.0
82 04-05-20 100123.0 1584.0 28700.0
101 04-05-20 58226.0 3603.0 19736.0
106 04-05-20 128948.0 15887.0 21815.0
147 04-05-20 17953.0 1771.0 257.0
167 04-05-20 11278.0 295.0 75.0
199 04-05-20 131646.0 12641.0 38080.0
205 04-05-20 21100.0 715.0 6415.0
215 04-05-20 27069.0 574.0 1042.0
222 04-05-20 48436.0 4943.0 229.0
224 04-05-20 337072.0 9619.0 17448.0
20 04-06-20 20814.0 1632.0 3986.0
29 04-06-20 12161.0 564.0 127.0
38 04-06-20 16563.0 339.0 3256.0
44 04-06-20 82080.0 3336.0 77141.0
76 04-06-20 98963.0 8926.0 17428.0
82 04-06-20 103374.0 1810.0 28700.0
101 04-06-20 60500.0 3739.0 24236.0
106 04-06-20 132547.0 16523.0 22837.0
147 04-06-20 18926.0 1874.0 258.0
167 04-06-20 11730.0 311.0 140.0
199 04-06-20 136675.0 13341.0 40437.0
205 04-06-20 21657.0 765.0 8056.0
215 04-06-20 30217.0 649.0 1326.0
222 04-06-20 52279.0 5385.0 287.0
224 04-06-20 366667.0 10783.0 19581.0
20 04-07-20 22194.0 2035.0 4157.0
29 04-07-20 14034.0 686.0 127.0
38 04-07-20 17872.0 375.0 3791.0
44 04-07-20 82115.0 3336.0 77241.0
76 04-07-20 110065.0 10343.0 19523.0
82 04-07-20 107663.0 2016.0 36081.0
101 04-07-20 62589.0 3872.0 27039.0
106 04-07-20 135586.0 17127.0 24392.0
147 04-07-20 19709.0 2108.0 272.0
167 04-07-20 12442.0 345.0 184.0
199 04-07-20 141942.0 14045.0 43208.0
205 04-07-20 22253.0 821.0 8704.0
215 04-07-20 34109.0 725.0 1582.0
222 04-07-20 55949.0 6171.0 325.0
224 04-07-20 396223.0 12722.0 21763.0
20 04-08-20 23403.0 2240.0 4681.0
29 04-08-20 16170.0 819.0 127.0
38 04-08-20 19141.0 407.0 4154.0
44 04-08-20 82183.0 3338.0 77354.0
76 04-08-20 113959.0 10887.0 21452.0
82 04-08-20 113296.0 2349.0 46300.0
101 04-08-20 64586.0 3993.0 29812.0
106 04-08-20 139422.0 17669.0 26491.0
147 04-08-20 20682.0 2255.0 272.0
167 04-08-20 13141.0 380.0 196.0
199 04-08-20 148220.0 14792.0 48021.0
205 04-08-20 23280.0 895.0 9800.0
215 04-08-20 38226.0 812.0 1846.0
222 04-08-20 61474.0 7111.0 345.0
224 04-08-20 429052.0 14695.0 23559.0
20 04-09-20 24983.0 2523.0 5164.0
29 04-09-20 18092.0 950.0 173.0
38 04-09-20 20654.0 503.0 5162.0
44 04-09-20 82245.0 3340.0 77443.0
76 04-09-20 118781.0 12228.0 23413.0
82 04-09-20 118181.0 2607.0 52407.0
101 04-09-20 66220.0 4110.0 32309.0
106 04-09-20 143626.0 18279.0 28470.0
147 04-09-20 21903.0 2403.0 278.0
167 04-09-20 13956.0 409.0 205.0
199 04-09-20 153222.0 15447.0 52165.0
205 04-09-20 24051.0 948.0 10600.0
215 04-09-20 42282.0 908.0 2142.0
222 04-09-20 65872.0 7993.0 359.0
224 04-09-20 461437.0 16478.0 25410.0
20 04-10-20 26667.0 3019.0 5568.0
29 04-10-20 19638.0 1057.0 173.0
38 04-10-20 22059.0 557.0 5855.0
44 04-10-20 82289.0 3342.0 77563.0
76 04-10-20 125931.0 13215.0 25195.0
82 04-10-20 122171.0 2767.0 53913.0
101 04-10-20 68192.0 4232.0 35465.0
106 04-10-20 147577.0 18849.0 30455.0
147 04-10-20 23249.0 2520.0 287.0
167 04-10-20 15472.0 435.0 233.0
199 04-10-20 158273.0 16081.0 55668.0
205 04-10-20 24551.0 1002.0 11100.0
215 04-10-20 47029.0 1006.0 2423.0
222 04-10-20 74605.0 8974.0 588.0
224 04-10-20 496535.0 18586.0 28790.0
20 04-11-20 28018.0 3346.0 5986.0
29 04-11-20 20727.0 1124.0 173.0
38 04-11-20 23316.0 654.0 6589.0
44 04-11-20 82354.0 3345.0 77630.0
76 04-11-20 130727.0 13851.0 26663.0
82 04-11-20 124908.0 2736.0 57400.0
101 04-11-20 70029.0 4357.0 41947.0
106 04-11-20 152271.0 19468.0 32534.0
147 04-11-20 24571.0 2653.0 291.0
167 04-11-20 15987.0 470.0 266.0
199 04-11-20 163027.0 16606.0 59109.0
205 04-11-20 25107.0 1036.0 12100.0
215 04-11-20 52167.0 1101.0 2965.0
222 04-11-20 79874.0 9892.0 622.0
224 04-11-20 526396.0 20463.0 31270.0
20 04-12-20 29647.0 3600.0 6463.0
29 04-12-20 22192.0 1223.0 173.0
38 04-12-20 24299.0 713.0 7123.0
44 04-12-20 82473.0 3345.0 77692.0
76 04-12-20 133670.0 14412.0 27469.0
82 04-12-20 127854.0 3022.0 60300.0
101 04-12-20 71686.0 4474.0 43894.0
106 04-12-20 156363.0 19899.0 34211.0
147 04-12-20 25746.0 2747.0 295.0
167 04-12-20 16585.0 504.0 277.0
199 04-12-20 166831.0 17209.0 62391.0
205 04-12-20 25415.0 1106.0 12700.0
215 04-12-20 56956.0 1198.0 3446.0
222 04-12-20 85206.0 10629.0 626.0
224 04-12-20 555313.0 22020.0 32988.0
