countryID estPopSize popDensity rateIncrease lifeExpectancy mortalityRate fertilityRate
1 38.0418 58.2694 3.2960000000000003 62.321000000000005 60.1 5.4467
2 2.8809 105.14299999999999 -0.39399999999999996 77.487 9.212 1.7135
3 43.0531 18.0763 1.983 75.513 24.94 2.96
4 0.0553 276.56 -0.035 NULL NULL NULL
5 0.0771 164.1319 -1.5859999999999999 NULL NULL NULL
6 31.8253 25.5276 3.5439999999999996 57.74 78.247 6.0
7 0.0149 165.2111 1.193 NULL NULL NULL
8 0.0971 220.7227 1.22 76.138 6.794 2.0
9 44.7807 16.3631 1.0390000000000001 75.675 12.056 2.33
10 2.9577 103.8894 0.33299999999999996 73.988 13.229000000000001 1.7202
11 0.1063 590.6333 0.52 75.369 14.784 1.8
12 25.2032 3.2807 1.544 82.363 3.627 1.885
13 8.9551 108.6666 0.629 80.986 3.33 1.4488
14 10.0477 121.5577 1.266 71.568 31.389 2.09
15 0.3895 38.9093 1.057 72.46600000000001 8.022 1.81
16 1.6412 2159.4368 2.0069999999999997 76.41 6.9079999999999995 2.12
17 163.0462 1252.5633 1.143 70.792 33.154 2.2115
18 0.287 667.5 0.225 78.60300000000001 11.464 1.63
19 9.4524 46.5843 0.04 72.446 3.43 1.6489
20 11.5393 381.0875 0.628 80.524 3.4560000000000004 1.7807
21 0.3904 17.1132 2.254 73.403 14.981 2.58
22 11.8012 104.6572 2.7889999999999997 59.931000000000004 67.66 5.2202
23 0.0625 1250.12 -0.619 NULL NULL 1.45
24 0.7631 20.0197 1.2 69.40899999999999 30.465 2.12
25 11.5131 10.6278 1.571 69.259 32.399 3.05
26 0.026000000000000002 79.2043 3.199 NULL NULL NULL
27 3.301 64.7255 -1.5490000000000002 76.51899999999999 6.9110000000000005 1.314
28 2.3037 4.0649 1.301 64.406 35.467 3.0143
29 211.0495 25.2508 0.8759999999999999 74.342 15.793 1.77
30 0.03 200.2 2.021 NULL NULL NULL
31 0.4333 82.2173 1.308 74.997 8.776 2.0152
32 7.0001 64.4816 -0.616 74.251 8.318 1.516
33 20.3214 74.274 2.978 58.707 64.736 5.6462
34 11.5306 449.0101 3.159 58.917 52.333999999999996 5.95
35 0.5499 136.4603 1.262 71.531 20.576999999999998 2.497
36 16.4865 93.3976 1.6219999999999999 67.612 29.974 2.7
37 25.8764 54.7405 2.715 56.278 70.656 4.95
38 37.411 4.114 1.071 81.78699999999999 4.647 1.601
39 0.0649 270.6167 1.545 NULL NULL NULL
40 4.7452 7.6169 0.479 48.913000000000004 90.287 5.1
41 15.9469 12.6643 3.321 52.27 84.06 6.31
42 0.1723 906.6263 0.6970000000000001 81.97 6.747999999999999 1.5818
43 18.952 25.4892 1.036 79.288 7.197 1.85
44 1433.7837 152.7217 0.5479999999999999 75.14 12.276 1.64
45 7.4362 7082.0514 0.621 83.404 1.594 1.2045
46 0.6404 21419.5652 2.2430000000000003 83.285 3.06 1.19
47 50.3394 45.3713 0.991 75.993 14.437999999999999 1.92
48 0.8509 457.2198 2.395 62.825 58.06100000000001 4.6
49 5.3805 15.7555 2.555 61.656000000000006 41.417 4.7
50 0.0175 73.1167 -1.215 NULL NULL NULL
51 5.0476 98.8555 1.148 79.158 9.333 1.8507
52 25.7165 80.8696 2.465 54.628 67.46300000000001 4.95
53 4.1303 73.8081 -0.445 77.449 4.261 1.4880000000000002
54 11.3335 106.4777 0.17600000000000002 78.458 4.802 1.706
55 0.1634 368.0721 1.38 77.774 10.267999999999999 2.12
56 1.1986 129.7159 0.851 79.925 4.1930000000000005 1.38
57 10.6892 138.3896 0.12300000000000001 78.161 2.528 1.4789
58 25.6662 213.1564 0.511 70.793 18.54 1.93
59 86.7906 38.2835 3.326 58.101000000000006 73.145 6.4
60 5.7719 136.0329 0.47600000000000003 80.143 3.5069999999999997 1.73
61 0.9736 42.0 1.6840000000000002 61.555 55.669 3.1
62 0.0718 95.744 0.47600000000000003 NULL NULL NULL
63 10.739 222.2466 1.175 72.618 27.494 2.45
64 17.3737 69.9535 1.5390000000000001 75.586 15.073 2.56
65 100.3881 100.8469 2.213 70.834 18.921 3.45
66 6.4536 311.4649 0.452 71.818 17.708 2.17
67 1.3559999999999999 48.3417 4.276 56.475 73.79 4.9942
68 3.4971 34.6249 1.0590000000000002 63.424 45.008 4.35
69 1.3256 31.2727 -0.253 76.763 3.201 1.5908
70 1.1481 66.7517 0.723 50.666000000000004 51.608999999999995 3.135
71 112.0787 112.0787 2.805 63.696999999999996 45.793 4.85
72 0.0034 0.2775 0.306 NULL NULL NULL
73 0.0487 34.8696 0.16899999999999998 NULL NULL 2.4090000000000003
74 0.89 48.7112 0.204 66.947 19.95 2.7874
75 5.5322 18.2045 0.425 80.70100000000001 2.0980000000000003 1.77
76 65.1297 118.946 0.494 81.939 3.4930000000000003 1.9809
77 0.2908 3.5381 2.27 79.306 9.119 3.42
78 0.2793 76.3079 0.494 76.139 6.9079999999999995 2.0386
79 2.1726 8.4316 3.633 63.347 41.912 4.1
80 2.3477 231.9868 3.0239999999999996 60.318999999999996 49.82 5.5
81 3.9968 57.5157 -0.369 72.306 12.915999999999999 2.0
82 83.51700000000001 239.6059 0.23600000000000002 80.445 3.3569999999999998 1.4269999999999998
83 30.4179 133.6814 2.336 61.821999999999996 44.833999999999996 4.1803
84 0.0337 3370.1 0.618 NULL NULL NULL
85 10.4735 81.2526 -0.423 81.078 3.283 1.3434
86 0.0567 0.1381 -0.092 NULL NULL NULL
87 0.11199999999999999 329.4206 0.625 72.6 13.674000000000001 2.1826
88 0.4001 245.7346 -0.28800000000000003 80.556 5.806 2.19
89 0.1673 309.8037 0.3 78.49600000000001 10.068 2.448
90 17.5815 164.0675 2.103 72.44 26.941 3.1923
91 12.7712 51.9748 2.296 58.007 65.695 5.1345
92 1.9209 68.3116 2.637 55.938 68.104 4.9
93 0.7828 3.9765 0.475 68.691 31.655 2.5988
94 11.2631 408.6748 1.446 61.405 60.957 3.26
95 0.0008 1815.9091 0.025 NULL NULL NULL
96 9.7461 87.1045 1.827 73.937 18.386 2.7295
97 9.6847 106.9776 -0.303 75.253 4.961 1.3318
98 0.33899999999999997 3.3819 0.609 82.186 1.5719999999999998 1.9838
99 1366.4178 459.5797 1.193 67.774 39.082 2.396
100 270.6256 149.3873 1.324 70.007 25.028000000000002 2.45
101 82.9139 50.9127 1.2429999999999999 75.044 15.161 1.91
102 39.3098 90.5088 3.58 69.398 28.491999999999997 4.25
103 4.8825 70.8738 0.426 80.612 3.388 1.9654
104 0.0846 148.393 0.759 NULL NULL NULL
105 8.5194 393.6866 1.651 81.906 3.428 3.0439999999999996
106 60.5501 205.8546 0.418 82.35600000000001 3.0380000000000003 1.421
107 2.9483 272.2326 0.565 73.975 14.937999999999999 2.08
108 126.8603 347.9867 -0.087 83.321 2.1830000000000003 1.4087
109 10.1017 113.7834 4.876 73.809 17.059 3.4
110 18.5514 6.8717 1.561 69.067 14.122 2.6733
111 52.574 92.3744 2.605 62.919 41.556000000000004 4.06
112 0.1176 145.1926 1.4969999999999999 66.543 47.925 3.7875
113 4.2071 236.0877 4.968 74.86 8.161 2.1
114 6.4159 33.4507 1.8880000000000001 70.27199999999999 19.543 3.3
115 7.1695 31.0635 1.516 65.488 46.967 2.93
116 1.9067 30.655 -1.178 74.133 5.15 1.4972
117 6.8557 670.1577 5.5360000000000005 78.64399999999999 9.6 2.08
118 2.1253 70.0022 0.626 48.153 65.374 3.26
119 4.9374 51.2601 2.783 60.733999999999995 60.126999999999995 4.75
120 6.7775 3.8518 0.7 71.736 12.959000000000001 2.45
121 0.038 237.6188 0.7609999999999999 NULL NULL NULL
122 2.7596 44.0314 -1.268 73.994 4.364 1.594
123 0.6157 237.7332 2.193 81.145 3.4139999999999997 1.5462
124 26.9693 46.3553 2.721 64.505 36.766 4.4
125 18.6287 197.5896 2.825 59.559 52.552 4.88
126 31.9498 97.2448 1.412 74.962 6.421 2.1059
127 0.531 1769.8433 4.364 76.821 8.95 2.1127
128 19.658 16.1106 2.947 56.235 78.465 6.35
129 0.4404 1376.1625 0.9109999999999999 81.446 5.494 1.395
130 0.0588 326.6167 0.214 NULL NULL NULL
131 0.3756 354.2962 -0.8370000000000001 81.203 6.425 1.975
132 4.5257 4.3909 2.9339999999999997 63.214 58.863 4.88
133 1.2697 625.4522 0.184 74.145 11.959000000000001 1.4859
134 0.2662 709.7333 2.7939999999999996 79.33800000000001 4.195 4.1
135 127.5755 65.627 1.317 74.935 15.162 2.29
136 0.1138 162.5929 1.13 66.887 30.28 3.3255
137 0.039 26150.3356 0.6459999999999999 NULL NULL NULL
138 3.2252 2.076 1.95 68.468 22.788 2.8396
139 0.628 46.6905 0.086 76.083 4.271 1.7103
140 0.005 49.89 0.6829999999999999 NULL NULL NULL
141 36.4718 81.7203 1.386 75.029 24.171 2.6
142 30.366 38.615 2.781 54.208999999999996 62.782 5.232
143 54.0454 82.7281 0.8059999999999999 64.679 43.662 2.25
144 2.4945 3.03 1.77 60.394 38.56 3.625
145 0.0108 537.8 2.322 NULL NULL NULL
146 28.6087 199.5724 0.001 68.61 33.781 2.3178
147 17.0971 507.0323 0.304 81.305 3.457 1.732
148 0.2828 15.4677 1.337 76.333 13.009 2.18
149 4.7831 18.1651 1.089 81.321 4.365 2.0363
150 6.5455 54.3917 1.3259999999999998 73.1 17.825 2.54
151 23.3107 18.4027 3.8930000000000002 59.155 55.9 7.35
152 200.9636 220.6524 2.67 51.95 74.972 5.74
153 0.0016 6.2115 -0.14800000000000002 NULL NULL NULL
154 2.0835 82.6114 0.083 75.161 8.929 1.5033
155 0.0572 124.3826 0.14400000000000002 NULL NULL NULL
156 5.3789 14.7258 1.246 81.60600000000001 2.445 1.8191
157 4.975 16.0743 6.773 76.22 9.602 2.9
158 23.7739 671.3888 0.317 79.258 4.234 1.1058
159 216.5653 280.9326 2.114 66.024 68.101 3.7821
160 0.018000000000000002 39.1478 0.7859999999999999 73.0 13.3 2.2
161 4.2464 57.1219 1.713 77.291 16.0 2.6002
162 8.7761 19.3793 2.07 62.728 48.312 3.8376
163 7.0446 17.7313 1.3630000000000002 73.16199999999999 20.779 2.5988
164 32.5105 25.3988 0.97 75.11 14.087 2.4
165 108.1166 362.6006 1.663 70.23100000000001 23.715999999999998 3.05
166 37.8878 123.7232 -0.155 77.146 4.398 1.3338
167 10.2262 111.6518 -0.434 80.622 2.948 1.2831
168 2.9334 330.7112 -1.14 79.135 6.374 1.5
169 2.8321 243.9334 6.473 79.482 7.319 2.0
170 51.2253 526.8467 0.509 81.267 2.972 1.2331
171 4.0433 123.0826 -0.075 70.967 14.174000000000001 1.275
172 0.8889 355.5708 0.7759999999999999 79.541 4.196000000000001 2.4
173 19.3646 84.1315 -0.541 74.943 8.352 1.5108
174 145.8723 8.9072 0.209 70.271 8.337 1.6977
175 12.627 511.8342 2.488 65.79 39.411 4.25
176 0.0098 447.5909 0.975 NULL NULL NULL
177 0.0061 15.5359 -0.6679999999999999 NULL NULL NULL
178 0.0528 203.1654 1.077 NULL NULL NULL
179 0.1828 299.6557 0.5710000000000001 75.197 16.002 1.5073
180 0.038 717.0189 -0.9390000000000001 NULL NULL NULL
181 0.0058 25.313000000000002 0.045 NULL NULL NULL
182 0.1106 283.5615 0.162 71.88600000000001 17.362000000000002 2.0084
183 0.1971 69.6456 0.7979999999999999 72.25399999999999 15.094000000000001 4.1643
184 0.0339 564.3333 1.155 NULL NULL NULL
185 0.2151 224.0167 2.009 68.488 32.076 4.6
186 34.2685 15.9411 2.911 74.382 8.687000000000001 2.725
187 16.2964 84.6432 2.793 65.743 38.269 5.0
188 8.7722 100.3 -0.256 74.752 6.072 1.4612
189 0.0977 212.4761 0.7979999999999999 73.067 12.367 2.38
190 7.8132 108.2463 2.229 51.416000000000004 97.125 4.8418
191 5.8043 8291.91 1.7209999999999999 82.29700000000001 2.065 1.2329999999999999
192 0.0424 1246.7059 3.134 NULL NULL NULL
193 5.457000000000001 113.4797 0.11599999999999999 76.229 5.421 1.38
194 2.0787 103.2102 0.271 80.142 2.23 1.575
195 0.6698 23.9308 2.6660000000000004 71.43 20.160999999999998 4.435
196 15.4429 24.6165 2.718 54.856 79.435 6.61
197 58.5583 48.272 1.565 60.952 32.943000000000005 2.55
198 11.0621 18.1064 2.391 56.058 65.813 5.15
199 46.7368 93.6984 -0.111 82.506 2.8789999999999996 1.3252
200 21.3237 340.0372 0.628 75.888 8.776 2.2135
201 4.9814 827.4784 2.209 73.092 19.3 4.25
202 42.8132 24.2561 2.376 63.757 47.825 4.75
203 0.5814 3.7267 1.103 70.934 20.261 2.5582
204 10.0364 24.4587 0.7829999999999999 81.92 2.4019999999999997 1.902
205 8.5914 217.4148 1.213 82.691 3.8930000000000002 1.5258
206 17.0701 92.9594 -3.428 69.873 17.868 3.1
207 9.321 66.5977 2.322 69.388 34.054 3.6075
208 69.6256 136.2829 0.447 75.178 10.083 1.5346
209 1.2931 86.9616 1.797 67.668 44.893 4.4
210 8.0824 148.6002 2.627 59.076 55.665 4.6895
211 0.0013 134.0 1.93 NULL NULL NULL
212 0.1045 145.1306 -0.625 70.314 14.737 3.7886
213 1.395 271.9246 0.625 72.483 26.09 1.7959
214 11.6947 75.275 0.9990000000000001 75.452 14.557 2.2521
215 83.4296 108.4022 1.646 75.592 11.835 2.121
216 5.9421 12.6446 1.796 67.30199999999999 46.879 3.0
217 0.0382 40.2011 2.05 NULL NULL NULL
218 0.0116 388.2 0.8690000000000001 NULL NULL NULL
219 44.2696 221.5585 3.2889999999999997 59.46 58.964 5.78
220 43.9936 75.9401 -0.384 70.90899999999999 8.753 1.4889
221 9.7705 116.8724 1.6019999999999999 76.792 6.501 1.695
222 67.5302 279.131 0.743 80.867 4.058 1.8662
223 58.0055 65.4837 2.984 60.913999999999994 46.861000000000004 5.2395
224 329.0649 35.9735 0.754 78.941 5.959 1.875
225 0.1046 298.7943 -0.215 79.406 8.961 2.2876
226 3.4617 19.7791 0.312 77.04899999999999 10.049 2.01
227 32.9817 77.5311 1.625 70.229 27.679000000000002 2.43
228 0.2999 24.6007 2.7569999999999997 69.49 24.303 4.0
229 28.5158 32.329 1.123 73.069 15.007 2.4047
230 96.4621 311.0978 1.043 74.962 17.899 1.9624
231 0.0114 81.6571 -2.134 NULL NULL NULL
232 0.5825 2.1897 1.827 68.408 34.131 2.6
233 29.1619 55.2341 2.697 65.995 43.283 4.4
234 17.861 24.0265 3.09 59.291000000000004 53.306000000000004 5.2
235 14.6455 37.8583 1.686 56.71 51.221000000000004 4.0897
